36
44
48
52
56
117
118
159
414
422
647
720
723
727
733
754
765
769
774
783
785
789
790
791
792
793
795
798
799
804
805
809
810
811
812
814
818
828
833
856
858
863
864
866
867
868
869
870
871
873
890
892
897
929
932
934
935
936
937
940
942
943
944
954
1015
1077
1080
1121
1168
1169
1179
1181
1190
1198
1203
1204
1205
1206
1207
1210
1211
1251
1263
1265
1280
1288
1297
1299
1315
1318
1355
1412
1413
1414
1415
1416
1417
1419
1425
1438
1443
1447
1448
1462
1465
1468
1470
1475
1476
1477
1482
1483
1484
1486
1497
1498
1502
1504
1507
1513
1529
1560
1607
1608
1613
1625
1639
1640
1645
1659
1685
1705
1708
1710
1711
1713
1714
1715
1716
1717
1718
1720
1721
1722
1725
1726
1728
1732
1740
1742
1743
1745
1753
1761
1768
1787
1789
1792
1795
1798
1802
1811
1813
1814
1817
1825
1829
1839
1846
1926
1935
1951
1973
1974
1979
1980
1981
1982
1988
1990
1993
1994
1997
2011
2016
2017
2034
2059
2072
2073
2075
2077
2078
2079
2080
2087
2098
2099
2100
2140
2151
2163
2164
2194
2205
2222
2232
2234
2236
2243
2244
2245
2246
2251
2256
2273
2276
2277
2278
2284
2287
2289
2290
2291
2292
2295
2299
2300
2302
2304
2310
2313
2314
2315
2316
2318
2319
2320
2321
2324
2325
2362
2399
2406
2407
2408
2447
2449
2450
2452
2453
2454
2455
2456
2458
2459
2519
2520
2526
2553
2555
2564
2565
2566
2568
2569
2575
2578
2579
2581
2589
2592
2593
2594
2595
2596
2598
2604
2605
2620
2621
2623
2624
2632
2642
2648
2657
2672
2673
2674
2675
2677
2678
2680
2681
2684
2699
2701
2721
2725
2730
2740
2748
2750
2770
2771
2772
2773
2774
2775
2776
2780
2783
2798
2799
2800
2801
2802
2807
2819
2824
2825
2835
2836
2838
2840
2841
2842
2850
2851
2852
2853
2854
2857
2862
2863
2865
2866
2868
2871
2877
2878
2879
2880
2881
2883
2886
2889
2901
2911
2912
2915
2924
2934
2951
2955
2957
2958
2959
2961
2962
2963
2965
2966
2968
2970
2973
2974
2976
2977
2980
2981
2982
2984
2985
2986
2987
2988
2989
2990
2991
2992
2996
2997
3000
3011
3018
3020
3021
3022
3026
3036
3037
3039
3040
3041
3042
3047
3048
3049
3053
3055
3057
3058
3066
3067
3069
3072
3074
3075
3076
3169
3170
3173
3182
3184
3185
3186
3187
3189
3190
3192
3193
3194
3195
3196
3197
3198
3199
3201
3202
3203
3204
3205
3206
3208
3210
3211
3220
3229
3231
3282
3283
3285
3288
3291
3292
3299
3301
3302
3303
3304
3306
3307
3308
3309
3312
3313
3314
3328
3330
3341
3345
3355
3356
3357
3358
3369
3371
3382
3383
3385
3388
3389
3391
3392
3394
3395
3396
3403
3404
3417
3419
3423
3426
3429
3430
3466
3469
3470
3472
3475
3478
3480
3482
3483
3486
3487
3530
3531
3563
3575
3576
3577
3609
3610
3611
3647
3651
3652
3653
3654
3656
3664
3666
3667
3679
3682
3683
3685
3712
3727
3730
3731
3734
3740
3770
3771
3783
3785
3814
3817
3818
3819
3820
3821
3823
3824
3827
3829
3831
3835
3842
3843
3850
3857
3858
3859
3860
3864
3866
3867
3868
3870
3871
3872
3873
3914
3927
3928
3941
3944
3950
3961
3971
3972
3973
3975
3976
3987
3990
3995
3998
4025
4026
4035
4037
4038
4039
4040
4041
4042
4044
4045
4046
4048
4050
4051
4052
4055
4057
4058
4060
4062
4068
4069
4070
4071
4072
4073
4074
4075
4076
4077
4078
4079
4080
4082
4083
4084
4087
4088
4089
4090
4091
4231
4232
4233
4234
4235
4236
4237
4239
4240
4243
4245
4246
4247
4249
4251
4257
4259
4265
4289
4291
4292
4293
4294
4296
4297
4298
4299
4304
4305
4306
4307
4310
4314
4316
4320
4324
4330
4332
4334
4337
4338
4339
4340
4341
4344
4345
4346
4347
4348
4349
4350
4351
4352
4354
4356
4357
4358
4359
4360
4361
4362
4364
4368
4369
4371
4372
4375
4377
4378
4379
4380
4382
4384
4385
4387
4389
4391
4394
4399
4400
4401
4402
4404
4405
4406
4407
4408
4409
4411
4412
4413
4414
4415
4416
4444
4448
4457
4460
4461
4462
4465
4470
4476
4478
4496
4497
4498
4500
4536
4538
4539
4540
4561
4562
4564
4566
4567
4568
4569
4570
4571
4575
4576
4577
4593
4597
4602
4603
4608
4609
4625
4666
4683
4693
4694
4695
4696
4697
4699
4701
4705
4708
4709
4710
4712
4713
4714
4717
4718
4720
4723
4724
4729
4731
4732
4733
4734
4737
4767
4784
4791
4810
4865
4872
4873
4875
4903
5005
5028
5069
5071
5075
5079
5114
5117
5136
5180
5181
5207
5212
5213
5214
5215
5216
5266
5267
5423
5426
5465
5466
5469
5470
5471
5472
5485
5486
5489
5498
5500
5503
5504
5506
5507
5523
5525
5527
5528
5541
5571
5572
5575
5608
5624
5635
5637
5640
5642
5643
5751
5753
5755
5766
5772
5773
5774
5784
5785
5787
5833
5956
5961
5962
5964
5966
5968
5969
5971
5974
5976
5996
5997
6037
6040
6043
6045
6098
6149
6179
6180
6195
6198
6199
6200
6204
6211
6217
6219
6239
6256
6260
6261
6266
6267
6268
6269
6270
6271
6274
6275
6289
6290
6291
6303
6308
6309
6325
6326
6328
6329
6330
6336
6337
6342
6344
6347
6348
6350
6358
6359
6361
6362
6365
6367
6368
6369
6370
6371
6372
6375
6378
6380
6381
6382
6385
6386
6387
6388
6389
6390
6391
6393
6394
6395
6396
6397
6398
6400
6402
6403
6404
6406
6409
6410
6411
6412
6413
6415
6419
6420
6421
6425
6427
6428
6429
6431
6444
6450
6451
6467
6470
6471
6476
6507
6511
6512
6522
6527
6528
6529
6530
6531
6532
6533
6536
6537
6538
6539
6540
6541
6542
6543
6545
6546
6547
6548
6550
6551
6552
6553
6554
6555
6556
6557
6558
6559
6560
6561
6562
6563
6564
6565
6567
6568
6569
6570
6571
6573
6574
6575
6576
6577
6578
6580
6581
6582
6583
6584
6585
6586
6590
6591
6592
6593
6594
6595
6596
6597
6599
6601
6602
6604
6605
6607
6609
6610
6611
6613
6614
6616
6617
6622
6657
6660
6661
6662
6663
6672
6709
6712
6716
6735
6795
6796
6826
6833
6835
6836
6888
6889
6892
7005
7046
7048
7050
7051
7057
7058
7062
7067
7068
7069
7070
7071
7074
7075
7076
7077
7078
7079
7080
7081
7082
7084
7085
7086
7090
7091
7092
7096
7097
7100
7108
7110
7111
7112
7113
7191
7228
7277
7288
7348
7353
7356
7357
7360
7361
7366
7368
7369
7370
7374
7378
7387
7392
7411
7413
7415
7416
7418
7419
7422
7423
7424
7429
7430
7431
7432
7434
7438
7439
7440
7441
7443
7445
7447
7448
7449
7450
7451
7452
7453
7454
7455
7457
7458
7459
7460
7462
7465
7468
7470
7471
7473
7475
7476
7480
7481
7482
7484
7485
7486
7487
7489
7492
7493
7494
7496
7517
7518
7520
7521
7522
7523
7526
7527
7528
7529
7530
7531
7532
7534
7535
7536
7537
7538
7539
7540
7541
7542
7543
7544
7552
7555
7556
7557
7559
7609
7610
7611
7734
7742
7909
7910
7911
7912
7919
7931
7939
7956
7957
7958
7964
7966
7971
7972
7973
7974
7975
7976
7989
7990
7991
7992
7993
8006
8028
8080
8081
8106
8107
8109
8112
8113
8115
8116
8117
8121
8123
8126
8127
8128
8129
8130
8131
8132
8135
8137
8138
8139
8140
8150
8152
8153
8154
8157
8158
8159
8160
8162
8163
8165
8167
8169
8170
8171
8172
8173
8175
8176
8178
8179
8180
8182
8183
8184
8186
8188
8189
8190
8193
8194
8196
8197
8199
8208
8217
8244
8246
8247
8248
8251
8252
8253
8255
8256
8258
8260
8261
8262
8263
8265
8266
8269
8271
8272
8274
8275
8276
8277
8278
8279
8280
8281
8282
8283
8287
8288
8289
8290
8293
8294
8295
8296
8298
8299
8300
8303
8305
8306
8307
8310
8311
8312
8313
8314
8316
8317
8318
8320
8343
8345
8350
8383
8385
8386
8387
8389
8390
8397
8400
8401
8485
8488
8489
8490
8491
8492
8494
8495
8496
8497
8498
8499
8501
8544
8545
8750
8766
8827
8831
8836
8838
8839
8845
8846
8951
8952
8959
9154
9172
9187
9260
9262
9285
9286
9287
9290
9291
9292
9294
9295
9296
9297
9298
9303
9304
9308
9318
9327
9382
9385
9391
9393
9395
9397
9402
9405
9406
9420
9433
9434
9435
9451
9481
9482
9486
9488
9490
9509
9511
9719
9744
9747
9748
9749
9753
9754
9756
9757
9758
9760
9761
9763
9764
9765
9766
9767
9768
9769
9770
9772
9773
9774
9775
9776
9777
9778
9779
9780
9781
9782
9783
9784
9785
9786
9787
9788
9789
9790
9791
9792
9793
9794
9795
9796
9797
9798
9799
9800
9802
9803
9804
9805
9806
9807
9808
9810
9811
9813
9814
9815
9816
9817
9818
9819
9822
9823
9824
9827
9828
9829
9831
9833
9834
9836
9838
9839
9840
9841
9844
9845
9846
9847
9849
9850
9851
9853
9854
9856
9857
9858
9863
9865
9866
9867
9868
9869
9870
9873
9874
9875
9876
9877
9878
9879
9880
9881
9884
9885
9886
9891
9893
9894
9895
9897
9899
9900
9901
9902
9903
9904
9906
9907
9909
9910
9911
9912
9913
9914
9915
9918
9920
9921
9922
9923
9924
9925
9927
9928
9929
9930
9931
9933
9934
9936
9939
9940
9941
9942
9943
9944
9945
9946
9948
9950
9951
9952
9953
9954
9955
9956
9957
9959
9960
9961
9962
9963
9964
9965
9966
9967
9969
9970
9971
9973
9974
9998
9999
10003
10019
10024
10026
10034
10035
10036
10040
10046
10047
10050
10051
10056
10057
10059
10060
10061
10062
10063
10064
10065
10066
10068
10069
10072
10073
10074
10075
10077
10078
10080
10081
10082
10083
10084
10085
10086
10087
10088
10089
10091
10092
10093
10094
10095
10096
10097
10098
10099
10100
10101
10102
10103
10104
10105
10106
10107
10109
10110
10111
10112
10118
10119
10120
10121
10122
10123
10124
10125
10126
10127
10128
10129
10130
10131
10132
10133
10134
10137
10138
10139
10140
10141
10142
10143
10145
10146
10147
10148
10149
10150
10151
10152
10153
10154
10155
10156
10157
10159
10160
10162
10163
10164
10165
10166
10167
10168
10169
10170
10171
10172
10173
10174
10175
10176
10177
10179
10180
10181
10182
10183
10184
10185
10186
10187
10188
10189
10190
10191
10194
10196
10197
10198
10199
10200
10201
10202
10203
10205
10207
10208
10209
10210
10212
10213
10214
10215
10216
10217
10218
10219
10221
10222
10223
10224
10225
10226
10227
10228
10229
10230
10231
10232
10233
10234
10235
10236
10237
10240
10241
10242
10243
10244
10245
10246
10249
10250
10251
10252
10253
10254
10255
10256
10257
10258
10259
10261
10262
10263
10264
10265
10266
10267
10270
10271
10272
10274
10275
10276
10277
10278
10279
10280
10281
10282
10285
10286
10287
10288
10289
10301
10312
10315
10318
10320
10321
10323
10325
10326
10329
10331
10333
10360
10361
10362
10364
10365
10367
10368
10370
10371
10372
10373
10374
10376
10377
10379
10380
10381
10382
10383
10384
10385
10386
10387
10388
10389
10390
10392
10393
10394
10398
10400
10401
10403
10404
10408
10409
10413
10421
10424
10498
10502
10503
10505
10506
10507
10553
10554
10558
10559
10560
10561
10571
10582
10593
10603
10604
10606
10608
10609
10620
10626
10628
10724
10822
10938
10939
10940
10978
10998
11022
11023
11026
11027
11038
11039
11081
11082
11083
11084
11134
11135
11137
11138
11139
11150
11152
11164
11166
11167
11174
11175
11176
11177
11178
11184
11185
11186
11188
11202
11203
11204
11207
11208
11225
11226
11288
11290
11291
11302
11370
11371
11382
11385
11391
11406
11603
11610
11612
11733
11734
11737
11754
11825
11826
11965
11967
11969
11970
11973
11976
11979
11981
11982
11984
11986
11992
11993
11994
11995
11998
12006
12007
12008
12009
12010
12019
12022
12025
12026
12028
12029
12031
12034
12037
12040
12054
12057
12058
12162
12184
12190
12202
12203
12204
12205
12206
12207
12208
12210
12223
12226
12228
12229
12231
12359
12360
12361
12363
12364
12365
12404
12408
12410
12419
12425
12426
12427
12435
12542
12549
12550
12607
12644
12655
12682
12683
12684
12685
12689
12691
12692
12693
12694
12697
12698
12704
12711
12713
12716
12717
12720
12728
12799
12800
12803
12804
12808
12809
12810
12811
12820
12828
12830
12833
12834
12835
12837
12838
12839
12974
12975
12976
12977
12978
12979
12982
12983
12984
12985
12987
12988
12989
12990
12992
12994
12996
12997
12998
12999
13000
13001
13002
13003
13004
13005
13006
13007
13008
13009
13010
13011
13012
13013
13014
13015
13016
13017
13018
13019
13020
13021
13022
13023
13024
13025
13026
13027
13028
13029
13030
13031
13032
13033
13034
13035
13036
13037
13038
13039
13040
13041
13042
13043
13044
13045
13046
13047
13048
13049
13051
13052
13053
13054
13055
13056
13057
13058
13059
13060
13062
13063
13064
13065
13066
13067
13068
13070
13071
13072
13073
13074
13075
13076
13077
13079
13081
13082
13083
13084
13085
13087
13088
13089
13091
13093
13094
13095
13096
13097
13099
13100
13101
13102
13103
13105
13106
13107
13108
13109
13110
13111
13112
13113
13114
13115
13116
13117
13118
13119
13120
13121
13122
13123
13125
13126
13127
13128
13129
13130
13131
13132
13133
13134
13135
13136
13137
13138
13139
13144
13145
13146
13157
13159
13199
13311
13363
13422
13423
13442
13443
13444
13446
13459
13462
13463
13464
13465
13466
13467
13468
13478
13486
13488
13489
13490
13491
13494
13495
13518
13520
13756
13757
13758
13760
13816
13820
13822
13823
13824
13856
13858
13860
13863
13865
13866
13869
13870
13926
13947
13948
13949
14025
14045
14047
14048
14090
14091
14094
14096
14097
14101
14113
14117
14119
14121
14123
14125
14128
14155
14160
14161
14162
14166
14167
14168
14171
14172
14173
14174
14175
14183
14191
14199
14200
14203
14209
14211
14214
14217
14218
14219
14223
14227
14228
14229
14237
14241
14244
14246
14247
14251
14252
14253
14255
14256
14257
14258
14263
14264
14266
14272
14276
14280
14285
14290
14292
14293
14295
14299
14303
14304
14306
14308
14310
14312
14314
14316
14317
14319
14322
14323
14324
14325
14326
14330
14333
14334
14335
14337
14341
14342
14343
14344
14364
14367
14370
14373
14398
14401
14405
14407
14408
14411
14415
14418
14422
14423
14429
14431
14437
14438
14439
14441
14442
14450
14452
14453
14455
14457
14461
14462
14467
14471
14476
14482
14490
14494
14497
14499
14501
14507
14509
14512
14513
14514
14529
14549
14551
14552
14553
14554
14555
14557
14558
14559
14560
14562
14563
14565
14566
14568
14570
14572
14574
14581
14583
14584
14588
14590
14595
14596
14601
14606
14657
14660
14665
14671
14674
14678
14680
14682
14683
14684
14685
14686
14688
14722
14723
14725
14726
14727
14729
14742
14743
14745
14746
14747
14748
14749
14753
14756
14757
14758
14760
14761
14762
14764
14765
14769
14770
14772
14773
14774
14776
14778
14785
14786
14789
14791
14794
14795
14798
14799
14800
14802
14803
14804
14805
14806
14808
14810
14811
14814
14815
14816
14817
14821
14825
14838
14839
14841
14846
14847
14848
14851
14854
14855
14856
14857
14859
14860
14863
14864
14865
14866
14867
14868
14896
14897
14906
14907
14908
14910
14918
14921
14924
14928
14929
14931
14935
14936
14937
14941
14943
14947
14948
14950
14952
14953
14957
14962
14966
14968
14969
14971
14974
14976
14977
14980
14983
15009
15010
15011
15012
15013
15014
15015
15016
15017
15018
15053
15054
15055
15061
15064
15065
15084
15086
15091
15093
15110
15113
15117
15123
15130
15131
15134
15137
15139
15140
15142
15146
15148
15149
15153
15155
15161
15166
15173
15178
15179
15189
15192
15193
15194
15195
15210
15211
15212
15213
15214
15215
15216
15217
15218
15219
15220
15221
15222
15223
15224
15225
15226
15227
15228
15229
15230
15231
15232
15233
15234
15235
15236
15237
15238
15239
15240
15241
15242
15243
15244
15245
15246
15247
15248
15249
15250
15251
15252
15253
15254
15255
15256
15257
15258
15259
15260
15261
15262
15263
15264
15265
15266
15267
15268
15269
15270
15271
15272
15273
15274
15275
15276
15278
15279
15280
15281
15282
15283
15284
15285
15286
15287
15288
15289
15291
15294
15295
15296
15303
15308
15309
15310
15312
15322
15324
15325
15339
15342
15346
15352
15353
15357
15358
15359
15360
15361
15364
15365
15366
15369
15370
15372
15373
15377
15378
15379
15380
15381
15407
15408
15410
15412
15414
15415
15416
15417
15419
15425
15428
15429
15433
15435
15437
15440
15441
15477
15482
15485
15486
15487
15491
15492
15494
15500
15502
15508
15510
15516
15517
15518
15527
15529
15531
15536
15541
15544
15550
15551
15553
15554
15557
15558
15561
15562
15563
15566
15571
15573
15575
15576
15577
15578
15580
15582
15584
15589
15591
15593
15595
15596
15599
15600
15601
15602
15606
15608
15609
15613
15614
15615
15616
15617
15625
15626
15628
15646
15651
15654
15660
15664
15665
15667
15669
15671
15672
15674
15675
15676
15677
15679
15683
15684
15685
15694
15727
15732
15734
15737
15743
15746
15747
15749
15751
15752
15755
15760
15761
15765
15770
15772
15779
15869
15870
15871
15887
15892
15912
15925
15926
15927
15929
15933
15936
15940
15941
15944
15945
15947
15969
15970
15971
15978
15979
15982
15986
15987
15988
15990
15992
15994
15996
15999
16000
16044
16048
16052
16054
16055
16110
16202
16203
16204
16215
16218
16220
16223
16224
16245
16247
16248
16249
16250
16251
16252
16253
16254
16255
16672
16673
16676
16681
16697
16702
16716
16724
16767
16799
16802
16804
16806
16817
16819
16825
16827
16828
16830
16838
16840
16850
16851
16857
16858
16861
16864
17007
17010
17011
17012
17032
17056
17057
17058
17062
17193
17194
17200
17201
17202
17203
17222
17303
17682
17683
17706
17709
17716
17720
17722
17723
17724
17725
17771
17922
18045
18046
18224
18231
18232
18240
18257
18258
18259
18260
18265
18294
18298
18332
18333
18334
18335
18339
18356
18362
18363
18365
18414
18486
18487
18518
18519
18562
18567
18631
18632
18633
18635
18640
18647
18653
18654
18657
18658
18660
18661
18662
18704
18944
18945
18949
19028
19149
19169
19221
19222
19224
19232
19233
19234
19235
19236
19258
19259
19261
19262
19263
19264
19265
19268
19269
19270
19271
19272
19273
19274
19275
19278
19279
19280
19281
19282
19283
19284
19288
19441
19768
20404
20406
20407
20408
20424
20498
20520
20546
20548
20554
20555
20652
20655
20658
20661
20662
20664
20673
20693
20694
20709
20725
20769
20815
20816
20817
20818
20820
20821
20823
20826
20828
20854
20858
20859
20860
20861
20862
20863
20864
20865
20866
20867
20868
20869
20870
20871
20872
20873
20874
20875
20876
20877
20878
20879
20881
20882
20891
20906
20907
20950
20955
20958
20960
20963
20964
20970
20975
21024
21071
21099
21153
21154
21213
21215
21219
21222
21277
21301
21305
21308
21309
21371
21536
21542
21547
21548
21557
21558
21589
21721
21747
21752
21764
21768
21800
21801
21802
21803
21805
21840
21841
21842
21843
21852
21853
21877
21881
21882
21884
21885
21886
21887
21898
21899
21902
21929
21931
21932
21933
21934
21940
21944
21947
21948
21949
21953
21990
21991
22012
22153
22202
22203
22220
22222
22235
22276
22277
22278
22279
22280
22282
22307
22309
22388
22389
22390
22393
22445
22446
22447
22448
22449
22450
22451
22452
22456
22457
22459
22527
22528
22532
22539
22540
22542
22553
22558
22572
22573
22574
22575
22576
22577
22578
22641
22644
22645
22710
22739
22785
22786
22787
22788
22789
22790
22791
22792
22793
22794
22795
22797
22824
22826
22829
22832
22901
22902
22903
22904
22912
22913
22914
22919
22926
23077
23079
23083
23095
23097
23104
23107
23112
23113
23117
23119
23154
23424
23425
23426
23427
23436
23437
23438
23439
23440
23441
23445
23446
23447
23448
23449
23482
23484
23487
23489
23490
23491
23493
23494
23540
23543
23571
23572
23573
23574
23621
23622
23623
23624
23625
23626
23627
23631
23632
23633
23635
23636
23637
23676
23736
23767
23775
23781
23782
23783
23784
23786
23787
23793
23799
23802
23803
23804
23805
23807
23816
23883
23884
23909
23984
24077
24166
24167
24169
24193
24196
24197
24198
24200
24202
24209
24213
24214
24222
24231
24243
24245
24246
24272
24291
24296
24297
24298
24299
24300
24301
24303
24304
24305
24307
24401
24449
24477
24478
24479
24575
24580
24582
24583
24584
24585
24589
24590
24591
24593
24594
24596
24598
24599
24600
24602
24603
24604
24605
24606
24607
24608
24609
24611
24613
24614
24615
24616
24617
24618
24619
24621
24622
24623
24625
24626
24627
24631
24632
24633
24634
24637
24639
24640
24641
24643
24644
24645
24646
24647
24648
24649
24650
24651
24653
24654
24655
24656
24658
24659
24660
24661
24662
24663
24664
24665
24666
24667
24668
24669
24670
24671
24672
24673
24674
24675
24676
24677
24678
24679
24680
24681
24682
24683
24684
24685
24686
24687
24688
24689
24690
24691
24692
24693
24694
24695
24696
24697
24698
24699
24700
24701
24702
24703
24705
24706
24707
24710
24713
24714
24715
24717
24719
24720
24722
24723
24726
24729
24730
24731
24732
24733
24736
24737
24739
24741
24742
24743
24745
24746
24747
24749
24750
24752
24753
24754
24755
24757
24758
24759
24760
24761
24762
24763
24764
24765
24766
24767
24768
24769
24770
24771
24773
24774
24775
24776
24777
24778
24779
24780
24781
24783
24784
24785
24786
24787
24788
24789
24790
24791
24792
24793
24794
24795
24796
24797
24799
24800
24801
24802
24804
24805
24806
24807
24808
24809
24810
24811
24812
24813
24814
24815
24816
24817
24818
24820
24821
24822
24823
24824
24825
24826
24828
24829
24830
24832
24834
24835
24836
24837
24838
24839
24840
24841
24842
24843
24844
24845
24847
24848
24849
24851
24853
24854
24856
24859
24860
24861
24863
24864
24865
24866
24867
24868
24869
24871
24872
24873
24876
24877
24878
24880
24881
24882
24884
24885
24887
24888
24889
24890
24891
24892
24894
24895
24896
24897
24898
24899
24900
24901
24902
24904
24905
24906
24907
24908
24910
24911
24912
24913
24914
24915
24916
24917
24918
24919
24920
24921
24922
24923
24925
24927
24928
24930
24931
24933
24935
24936
24937
24938
24939
24940
24941
24942
24943
24944
24945
24946
24947
24948
24949
24950
24951
24952
24953
24954
24956
24957
24958
24959
24960
24961
24962
24963
24964
24965
24967
24968
24969
24970
24971
24972
24974
24975
24976
24977
24978
24979
24980
24982
24983
24984
24985
24986
24987
24988
24989
24990
24992
24993
24994
24995
24996
24998
24999
25000
25001
25002
25003
25004
25005
25006
25007
25008
25009
25010
25011
25012
25013
25014
25015
25016
25017
25018
25019
25020
25021
25022
25023
25024
25025
25026
25027
25028
25029
25030
25031
25032
25033
25034
25036
25037
25038
25039
25040
25041
25042
25043
25045
25046
25047
25048
25052
25054
25055
25056
25057
25058
25059
25060
25061
25063
25064
25067
25068
25069
25070
25072
25073
25074
25075
25076
25077
25078
25079
25080
25081
25082
25084
25085
25086
25087
25088
25089
25091
25094
25096
25099
25100
25101
25102
25103
25104
25105
25106
25108
25109
25110
25111
25112
25113
25114
25115
25116
25117
25118
25119
25120
25121
25122
25123
25124
25125
25126
25127
25128
25129
25130
25131
25132
25133
25134
25135
25136
25138
25139
25140
25141
25142
25143
25144
25145
25146
25147
25148
25149
25150
25151
25152
25153
25154
25155
25156
25157
25158
25159
25160
25161
25162
25163
25164
25165
25166
25167
25168
25169
25170
25171
25172
25174
25175
25176
25177
25178
25179
25180
25181
25182
25183
25185
25186
25187
25188
25189
25190
25191
25193
25194
25195
25196
25197
25198
25199
25200
25201
25202
25203
25204
25205
25206
25208
25209
25210
25211
25212
25213
25214
25215
25216
25217
25218
25219
25220
25221
25222
25223
25224
25225
25226
25227
25228
25229
25230
25231
25232
25233
25234
25235
25236
25237
25238
25239
25240
25241
25242
25243
25244
25245
25246
25247
25248
25249
25250
25251
25252
25253
25254
25255
25256
25257
25258
25259
25260
25261
25262
25263
25264
25265
25266
25267
25268
25269
25270
25271
25272
25273
25274
25275
25276
25277
25278
25279
25280
25281
25282
25283
25284
25287
25288
25289
25290
25291
25292
25293
25294
25295
25296
25297
25298
25299
25300
25301
25303
25304
25305
25306
25307
25308
25309
25310
25311
25312
25313
25314
25315
25316
25318
25319
25320
25321
25322
25323
25324
25325
25326
25327
25328
25329
25330
25331
25332
25333
25334
25335
25336
25337
25341
25345
25354
25367
25382
25394
25398
25399
25402
25403
25404
25416
25434
25438
25439
25463
25467
25649
25650
25659
25670
25671
25674
25675
25676
25699
25700
25707
25708
25719
25725
25744
25802
25845
25868
25887
27422
27425
27429
27435
27437
27438
27439
27503
27515
27516
27651
27655
27657
27658
27659
27660
27662
27663
27664
27665
27666
27668
27671
27674
27677
27678
27681
27682
27684
27686
27695
27736
27854
27944
28100
28102
28103
28104
28279
28280
28399
28452
28458
28459
28461
28463
28464
28467
28468
28491
28492
28494
28495
28496
28497
28498
28595
29157
29159
29363
29380
29425
29426
29460
29539
29547
29548
29549
29550
29723
29724
29725
29726
29727
29728
29729
29730
29731
29732
29733
29739
29740
29903
29953
29956
29957
29960
30155
30183
30282
30283
30305
30306
30307
30308
30323
30324
30419
30420
30421
30466
30722
30723
30724
30725
30730
30732
30733
30736
30741
30745
30746
30747
30748
30804
30809
30810
30816
30817
31079
31080
31125
31126
31127
31131
31133
31134
31136
31137
31138
31139
31140
31142
31143
31145
31147
31148
31149
31150
31151
31152
31153
31154
31155
31156
31157
31159
31160
31161
31163
31166
31170
31173
31174
31175
31178
31180
31182
31183
31184
31186
31187
31188
31190
31192
31193
31194
31196
31197
31200
31201
31202
31203
31204
31209
31213
31217
31218
31219
31220
31222
31225
31226
31227
31229
31230
31232
31233
31234
31235
31237
31238
31240
31243
31247
31248
31254
31255
31256
31258
31263
31264
31268
31272
31275
31276
31277
31280
31281
31282
31283
31284
31285
31286
31287
31288
31289
31290
31291
31292
31293
31294
31295
31297
31298
31299
31303
31304
31305
31306
31308
31318
31319
31320
31321
31322
31323
31326
31328
31329
31330
31331
31332
31333
31334
31335
31336
31338
31339
31340
31342
31343
31572
31670
31671
31673
31677
31837
31878
31879
31882
31883
31884
31885
31886
31887
31888
31889
31890
31891
31892
31893
31894
31895
31896
31898
31899
31900
31901
31902
31903
31904
31905
31906
31910
31911
31912
31913
31915
31916
32193
32194
32196
32200
32201
32203
32205
32211
32218
32220
32221
32224
32225
32226
32227
32228
32229
32230
32231
32249
32423
32428
32464
32468
32470
32540
32569
32620
32663
32670
32737
32739
32745
32747
32749
32751
32753
32755
32897
32902
32905
33052
33053
33081
33120
33154
33236
33396
33426
33445
33447
33448
33454
33458
33459
33460
33470
33547
33567
33568
33630
33823
33865
33867
33924
33954
34052
34053
34054
34055
34056
34057
34060
34061
34068
34085
34087
34113
34125
34249
34440
34490
34498
34535
34664
34721
34722
34736
34751
34826
34827
34828
34829
34832
34861
35186
35187
35190
35191
35193
35194
35195
35196
35197
35201
35202
35203
35216
35217
35219
35285
35557
35562
35579
35580
35593
35615
35616
35622
35623
35624
35625
35627
35652
35653
35654
35664
35681
35691
35758
35760
35761
35799
35947
35948
35949
35955
35956
35957
35958
35959
35960
35961
35962
35963
35964
35965
35967
35968
35969
35970
35971
35972
35973
35974
35975
35976
35977
35978
35979
35982
35983
35984
35985
35987
35991
35996
35997
35998
35999
36000
36001
36002
36003
36004
36005
36006
36007
36008
36009
36011
36012
36013
36014
36015
36016
36017
36020
36023
36025
36026
36027
36028
36029
36030
36032
36033
36034
36035
36036
36037
36038
36039
36040
36041
36042
36043
36044
36045
36046
36047
36048
36049
36050
36051
36052
36053
36054
36055
36056
36057
36058
36059
36060
36061
36062
36063
36064
36065
36066
36067
36068
36069
36070
36071
36072
36073
36074
36076
36078
36079
36080
36081
36082
36083
36084
36085
36087
36089
36090
36091
36093
36094
36095
36098
36101
36102
36103
36104
36106
36107
36108
36110
36111
36112
36114
36116
36118
36119
36123
36124
36126
36128
36129
36130
36132
36133
36135
36136
36137
36138
36139
36140
36141
36142
36143
36144
36145
36146
36147
36148
36150
36151
36152
36153
36154
36155
36156
36157
36158
36159
36160
36161
36162
36163
36164
36165
36166
36167
36168
36169
36170
36171
36172
36173
36174
36175
36176
36177
36178
36179
36180
36181
36183
36184
36185
36186
36187
36188
36189
36191
36193
36194
36196
36198
36199
36200
36201
36202
36203
36204
36205
36206
36207
36208
36209
36211
36212
36213
36214
36216
36217
36218
36219
36221
36222
36223
36224
36225
36226
36228
36229
36230
36232
36234
36235
36236
36237
36238
36239
36240
36241
36242
36243
36244
36245
36246
36247
36248
36250
36251
36252
36254
36256
36257
36258
36259
36260
36261
36262
36263
36264
36265
36266
36267
36268
36269
36270
36271
36272
36273
36274
36275
36276
36277
36278
36279
36280
36281
36282
36283
36284
36285
36286
36287
36288
36289
36290
36292
36293
36294
36295
36296
36298
36300
36301
36302
36303
36304
36305
36306
36307
36308
36310
36315
36317
36318
36320
36322
36324
36325
36327
36328
36329
36330
36332
36334
36335
36336
36337
36338
36340
36341
36342
36343
36344
36345
36347
36348
36349
36350
36351
36352
36353
36356
36357
36358
36359
36361
36362
36364
36366
36367
36368
36369
36370
36371
36372
36373
36374
36375
36376
36377
36378
36379
36380
36381
36382
36383
36384
36385
36386
36387
36388
36389
36390
36391
36392
36393
36394
36395
36396
36397
36398
36399
36400
36401
36402
36404
36405
36407
36408
36412
36413
36414
36415
36416
36417
36418
36419
36420
36421
36422
36423
36424
36427
36428
36429
36430
36432
36435
36439
36440
36441
36442
36443
36444
36445
36446
36448
36449
36452
36453
36454
36455
36456
36457
36458
36460
36461
36463
36464
36465
36466
36467
36469
36470
36471
36472
36474
36475
36476
36480
36481
36482
36483
36484
36485
36486
36487
36488
36489
36490
36491
36492
36493
36494
36495
36496
36497
36498
36499
36500
36501
36502
36503
36504
36505
36506
36507
36508
36509
36510
36511
36512
36513
36514
36515
36516
36517
36518
36519
36520
36521
36522
36523
36524
36525
36526
36527
36528
36529
36530
36531
36532
36533
36534
36535
36536
36537
36538
36539
36540
36541
36542
36544
36545
36546
36547
36548
36549
36550
36551
36552
36553
36554
36555
36556
36557
36558
36559
36560
36562
36563
36564
36565
36566
36567
36568
36569
36570
36571
36572
36573
36574
36575
36576
36577
36578
36579
36580
36581
36582
36583
36584
36585
36586
36587
36588
36589
36591
36592
36593
36594
36595
36596
36597
36598
36599
36600
36601
36602
36603
36604
36605
36606
36607
36608
36609
36610
36611
36612
36613
36614
36615
36616
36617
36619
36620
36621
36622
36623
36624
36625
36626
36627
36629
36630
36631
36632
36633
36634
36635
36636
36637
36638
36639
36640
36641
36642
36643
36644
36645
36646
36647
36648
36649
36650
36651
36652
36653
36654
36655
36656
36657
36658
36659
36660
36661
36662
36663
36664
36665
36666
36667
36668
36669
36670
36671
36672
36673
36674
36675
36676
36677
36678
36679
36680
36681
36682
36683
36684
36685
36686
36687
36688
36689
36690
36691
36692
36693
36694
36695
36696
36697
36698
36699
36701
36702
36703
36704
36706
36707
36708
36709
36710
36743
36758
36781
36782
36783
36784
36860
36862
36863
36877
36901
36903
36904
36905
36906
36907
36908
36909
36910
36912
36913
36916
36917
36918
36919
36920
36921
36922
36923
36924
36925
36926
36927
36928
36929
36930
36931
36932
36933
36934
36976
36978
37091
37092
37093
37094
37097
37101
37116
37117
37118
37140
37143
37145
37147
37156
37159
37160
37163
37196
37197
37243
37290
37364
37366
37467
37587
37590
37624
37625
37646
37663
37672
37673
37700
37701
37702
37703
37704
37705
37743
37744
37745
37746
37747
37748
37749
37751
37752
37753
37754
37755
37756
37757
37758
37759
37760
37761
37762
37763
37764
37765
37766
37767
37768
37769
37770
37771
37772
37773
37774
37775
37776
37777
37778
37779
37780
37781
37782
37783
37785
37786
37787
37789
37790
37792
37793
37794
37795
37796
37797
37801
37802
37803
37804
37805
37806
37807
37808
37809
37810
37811
37812
37813
37817
37819
37820
37821
37822
37823
37824
37835
37856
37857
37858
37889
37890
37891
37921
38082
38277
38278
38303
38318
38322
38347
38372
38373
38375
38399
38400
38401
38402
38403
38404
38405
38417
38419
38425
38426
38436
38437
38513
38557
38558
38561
38592
38679
38682
38766
38768
38771
38772
38787
38790
38793
38809
38811
38816
38817
38821
38822
38825
38838
38844
38846
38848
38849
38852
38856
38861
38862
38873
38897
38912
38925
38928
38929
38933
38934
38938
38949
38951
38953
38955
38960
38962
38963
38968
38971
38974
38975
38976
38979
38980
38990
38991
38992
38993
38995
38997
39002
39005
39006
39151
39194
39220
39235
39283
39310
39317
39334
39338
39339
39340
39341
39342
39343
39354
39355
39469
39472
39489
39509
39520
39666
39671
39681
39682
39683
39684
39690
39717
39733
39762
39774
39896
39898
39899
39912
39919
39947
39951
39969
39970
40035
40070
40072
40073
40076
40077
40078
40081
40097
40109
40110
40167
40187
40195
40199
40206
40211
40212
40246
40270
40282
40302
40305
40338
40347
40362
40426
40439
40474
40558
40668
40670
40672
40675
40767
40768
40769
40771
40772
40865
40892
40893
40900
40903
40912
40916
40919
40920
40921
40943
40949
40950
40955
40959
41094
41095
41096
41099
41100
41101
41102
41108
41110
41119
41126
41127
41129
41163
41183
41243
41251
41255
41266
41334
41346
41357
41440
41489
41492
41508
41510
41511
41517
41518
41519
41520
41521
41522
41524
41525
41526
41527
41528
41529
41530
41532
41533
41537
41538
41540
41541
41542
41543
41546
41548
41549
41551
41552
41554
41555
41593
41594
41595
41597
41599
41600
41601
41602
41603
41611
41783
41786
41787
41789
41800
41801
41802
41803
41805
41806
41807
41808
41809
41810
41812
41813
41814
42113
42172
42173
42175
42176
42177
42178
42225
42253
42396
42397
42399
42401
42403
42404
42405
42407
42408
42409
42410
42412
42415
42417
42420
42428
42429
42430
42431
42434
42436
42438
42443
42453
42454
42456
42457
42459
42461
42463
42465
42466
42467
42470
42471
42472
42473
42500
42508
42728
42736
42739
42743
42744
42745
42746
42748
42751
42753
42754
42780
42897
42898
42901
42902
42903
42904
42905
42906
42908
42910
42912
42915
42917
42956
42957
42960
42961
42963
42964
42965
42966
42967
42968
42970
42971
42973
42974
42987
42989
43001
43007
43009
43010
43011
43012
43013
43015
43102
43103
43104
43105
43106
43107
43108
43109
43115
43116
43117
43118
43119
43120
43121
43122
43123
43124
43125
43126
43127
43131
43248
43255
43257
43297
43316
43331
43332
43334
43335
43338
43339
43340
43342
43343
43350
43351
43355
43356
43359
43360
43364
43365
43366
43368
43369
43371
43373
43374
43376
43377
43378
43379
43380
43381
43385
43386
43388
43389
43390
43391
43393
43394
43395
43396
43398
43399
43400
43412
43414
43417
43419
43421
43422
43425
43428
43430
43432
43459
43464
43465
43466
43488
43490
43491
43492
43501
43515
43533
43535
43536
43537
43539
43544
43546
43547
43548
43549
43550
43551
43552
43553
43554
43565
43573
43583
43587
43611
43613
43620
43654
43655
43656
43660
43664
43666
43667
43671
43672
43673
43696
43725
43826
43827
43850
43853
43854
43860
43869
43871
43987
44128
44143
44144
44145
44146
44147
44154
44155
44156
44157
44158
44165
44253
44276
44277
44278
44279
44280
44281
44282
44284
44285
44292
44308
44309
44310
44311
44312
44313
44314
44315
44325
44327
44328
44330
44332
44413
44436
44437
44438
44443
44444
44445
44446
44453
44455
44456
44457
44458
44463
44466
44469
44482
44493
44499
44500
44501
44554
44601
44649
44666
44667
44668
44669
44670
44671
44672
44673
44674
44675
44676
44677
44678
44679
44681
44682
44683
44685
44686
44687
44695
44696
44697
44703
44708
44721
44722
44732
44739
44794
44920
44922
44923
44930
44931
44947
44955
44958
44965
44970
44971
44973
44980
44982
45002
45052
45056
45087
45088
45089
45090
45091
45092
45093
45094
45095
45096
45097
45098
45099
45100
45101
45102
45103
45104
45105
45107
45141
45167
45190
45194
45196
45237
45247
45274
45291
45435
45450
45468
45480
45493
45504
45601
45602
45604
45606
45621
45622
45623
45628
45680
45704
45731
45732
45733
45735
45738
45740
45741
45755
45757
45758
45760
45761
45762
45768
45769
45771
45772
45775
45776
45778
45782
45783
45785
45789
45790
45792
45793
45794
45795
45799
45800
45804
45806
45808
45912
45927
45932
45975
45984
45998
46023
46324
46376
46377
46378
46379
46398
46821
46849
47089
47291
47556
47622
47623
47624
47625
47626
47627
47628
47629
47630
47631
47632
47633
47634
47635
47636
47638
47639
47640
47641
47642
47643
47644
47645
47646
47647
47648
47649
47650
47651
47652
47653
47654
47655
47656
48112
48114
48118
48120
48122
48124
48601
48663
49084
49110
49227
49286
49397
49633
49634
49908
49967
49994
50001
50015
50020
50038
50045
50055
50069
50077
50175
50380
50444
50447
50449
50450
50451
50452
50453
50472
50816
51950
51958
52078
52081
52082
52084
52091
52093
52094
52117
52140
52163
52164
52173
52177
52178
52179
52180
52181
52182
52183
52185
52186
52188
52190
52191
52192
52193
52194
52195
52196
52200
52201
52207
52209
52212
52217
52219
52225
52236
52241
52251
52252
52253
52303
52308
52309
52314
52325
52326
52327
52328
52329
52363
52365
52366
52367
52371
52373
52374
52375
52377
52378
52382
52383
52385
52386
52388
52489
52493
52538
52539
52555
52687
52718
52719
52720
52721
52722
52743
52744
52745
52746
52747
52748
52749
52750
52751
52752
52753
52754
52755
52756
52757
52758
52759
52760
52761
52762
52763
52765
52766
52768
52769
52770
52771
52774
52775
52776
52777
52783
52843
52976
52977
52979
52980
52982
52983
52984
52985
52986
52987
52988
53010
53038
53039
53050
53051
53062
53063
53064
53065
53066
53068
53069
53070
53071
53072
53643
54440
54442
54443
54444
54445
54446
54447
54448
54449
54451
54471
54472
54477
54478
54479
54480
54481
54485
54486
54492
54497
54499
54500
54501
54626
54784
54849
54853
54854
55022
55025
55027
55029
55031
55033
55034
55037
55039
55043
55053
55054
55057
55070
55072
55073
55246
55260
55261
55281
55282
55283
55284
55285
55286
55287
55288
55289
55290
55291
55292
55293
55294
55295
55296
55297
55298
55299
55300
55301
55302
55303
55304
55305
55306
55307
55308
55309
55310
55311
55312
55313
55314
55315
55317
55318
55319
55320
55321
55322
55323
55324
55325
55326
55327
55328
55329
55330
55331
55332
55333
55334
55335
55336
55337
55338
55339
55340
55341
55342
55343
55344
55345
55346
55347
55348
55349
55350
55351
55352
55353
55354
55355
55356
55357
55358
55359
55360
55361
55362
55363
55364
55365
55366
55368
55369
55370
55371
55372
55373
55375
55376
55377
55379
55380
55381
55382
55383
55384
55385
55386
55387
55388
55389
55390
55391
55392
55393
55394
55395
55396
55397
55398
55399
55400
55401
55402
55404
55405
55406
55407
55408
55409
55410
55412
55413
55414
55415
55416
55417
55418
55419
55420
55421
55422
55423
55425
55426
55427
55428
55431
55432
55434
55435
55436
55437
55438
55439
55440
55441
55442
55443
55444
55445
55446
55447
55448
55449
55450
55451
55452
55453
55454
55455
55456
55457
55458
55459
55460
55461
55462
55463
55464
55465
55466
55467
55468
55469
55479
55480
55481
55482
55483
55484
55485
55486
55487
55488
55489
55490
55491
55492
55493
55494
55495
55496
55497
55498
55499
55500
55501
55502
55503
55504
55505
55506
55507
55508
55509
55511
55512
55513
55514
55515
55516
55517
55519
55520
55521
55522
55523
55524
55525
55526
55527
55528
55529
55530
55531
55532
55533
55534
55535
55536
55537
55538
55539
55540
55541
55542
55543
55544
55545
55546
55547
55548
55549
55550
55551
55552
55553
55554
55555
55556
55557
55558
55559
55560
55561
55562
55563
55564
55565
55566
55567
55568
55569
55570
55571
55572
55573
55574
55575
55576
55577
55578
55579
55580
55581
55582
55583
55584
55585
55586
55587
55588
55589
55590
55591
55592
55593
55594
55595
55596
55597
55598
55599
55600
55601
55602
55603
55604
55605
55606
55607
55608
55609
55610
55611
55612
55613
55614
55615
55616
55617
55618
55619
55620
55621
55622
55623
55624
55625
55626
55627
55628
55629
55630
55631
55632
55633
55634
55635
55636
55637
55641
55642
55643
55645
55646
55647
55648
55649
55651
55652
55653
55654
55655
55656
55657
55658
55659
55660
55661
55662
55663
55664
55666
55667
55668
55669
55670
55673
55674
55677
55678
55679
55680
55681
55682
55683
55684
55685
55686
55687
55688
55690
55691
55692
55694
55695
55696
55697
55698
55699
55700
55701
55702
55703
55704
55705
55706
55707
55708
55709
55711
55712
55713
55714
55715
55716
55717
55718
55719
55722
55723
55724
55725
55726
55727
55728
55729
55730
55731
55732
55733
55734
55735
55736
55737
55738
55739
55740
55741
55742
55743
55744
55745
55746
55747
55748
55749
55750
55751
55752
55753
55754
55755
55756
55757
55758
55759
55760
55761
55762
55763
55764
55765
55766
55767
55768
55769
55770
55771
55772
55773
55774
55775
55789
55790
55791
55822
55823
55854
55855
55881
55974
55978
55982
55984
56007
56033
56035
56046
56110
56151
56218
56219
56220
56239
56477
56480
56481
56482
56483
56490
56491
56494
56495
56498
56499
56502
56503
56505
56508
56509
56513
56516
56519
56550
56850
57059
57099
57191
57192
57193
57243
58084
58085
58087
58088
58089
58090
58091
58092
58093
58094
58142
58144
58145
58146
58148
58233
58234
58258
58261
58262
58264
58266
58268
58269
58275
58278
58480
58486
58487
58488
58489
59230
59460
59461
59462
59463
59464
59465
59466
59467
59468
59520
59521
59525
59594
59595
59596
59597
59901
60201
60202
60210
60211
60216
60217
60218
60222
60223
60224
60335
60403
60838
61978
61979
61980
61981
61986
61994
62000
62005
62016
62017
62019
62048
62049
62051
62067
62072
62073
62093
62102
62103
62251
62328
62341
62564
62591
62649
62659
62665
62667
62669
62673
62675
62676
62778
62779
62780
62781
62782
62783
62784
62785
62786
62790
62791
63122
63127
63128
63269
63271
63291
63293
63388
63416
63420
63537
63538
63539
64392
64394
64395
64396
64397
64493
64670
65365
65891
65892
65893
66641
66879
66880
66882
66883
66895
66904
66916
66918
66919
66920
66924
66931
66932
66940
66941
66942
66952
66953
66954
66955
66956
66957
66958
66959
66960
66962
66963
66964
66965
66966
66967
66968
66969
66970
66971
66972
66973
66974
66975
66976
66977
66978
66979
66980
66981
66982
66983
66984
66985
66986
66987
66989
66990
66991
66992
66993
66994
67024
67027
67029
67032
67037
67040
67043
67045
67047
67050
67051
67052
67057
67061
67067
67069
67071
67088
67098
67099
67101
67102
67103
67104
67105
67106
67109
67111
67112
67113
67114
67115
67117
67118
67119
67120
67121
67122
67123
67124
67125
67126
67127
67129
67130
67131
67132
67133
67134
67135
67136
67137
67138
67139
67140
67141
67142
67143
67144
67145
67146
67147
67148
67149
67150
67151
67152
67229
67233
67234
67236
67238
67242
67243
67244
67245
67274
67275
67282
67388
67404
67411
67415
67483
67486
67749
68039
68049
68134
68161
68197
68198
68601
68744
68746
68747
68758
68759
68760
68761
68762
68781
68782
68783
68785
68787
68788
68789
68915
68972
69237
69239
69796
69797
69798
69799
69800
69801
69802
69803
69820
69842
69844
69957
69958
69959
69960
69961
69962
69963
69965
69966
69968
69969
69970
69971
69972
69973
69974
69975
69976
70136
70138
70908
70929
71006
71022
71023
71025
71027
71029
71038
71264
71332
71341
71350
71359
71360
71361
71362
71365
71366
71367
71635
71636
71637
71638
71640
71715
71716
71805
71806
71807
71808
71809
71810
71876
71951
71952
71953
71998
71999
72000
72001
72002
72003
72004
72005
72006
72007
72008
72009
72010
72011
72012
72013
72014
72015
72016
72068
72092
72093
72094
72095
72096
72103
72104
72120
72145
72146
72162
72163
72234
72235
72237
72238
72985
72986
72988
74247
74248
74249
74250
74252
74611
74641
74642
74643
74644
74645
74646
74647
74648
74649
74650
74651
74652
74653
74654
74655
74656
74659
74660
74661
74662
74700
74701
74703
74704
74705
74706
74707
74708
74709
74710
74711
74712
74713
74715
74716
74717
74718
74719
74720
74721
74722
74723
74724
74725
74726
74727
74728
74729
74832
74833
74834
74837
74838
74839
74840
74841
74842
74843
74844
74845
74846
74847
74848
74849
74850
74851
74852
74853
74856
74857
74859
74860
74861
74863
74864
74865
74866
74919
74921
75014
75016
75026
75037
75038
75119
76061
76075
76076
76077
76078
76079
76080
76081
76083
76084
76085
76086
76087
76088
76089
76090
76092
76093
76094
76095
76096
76097
76098
76130
76131
76132
76133
76134
76135
76136
76137
76138
76139
76140
76141
76142
76154
76156
76157
76159
76160
76162
76502
76504
76505
76508
76509
76510
76511
76513
76514
76517
76518
76520
76522
76527
76529
76532
76533
76534
76535
76537
76540
76542
76544
76549
76551
76552
76555
76556
76560
76561
76562
76564
76565
76566
76567
76568
76570
76571
76572
76573
76576
76581
76583
76584
76586
76590
76595
76599
76602
76604
76606
76617
76619
76621
76622
76627
76628
76630
76631
76632
76633
76634
76636
76637
76638
76639
76640
76641
76642
76643
76644
76645
76646
76647
76648
76649
76650
76651
76652
76653
76654
76656
76657
76658
76659
76660
76661
76662
76663
76664
76665
76666
76667
76668
76669
76670
76671
76672
76673
76674
76675
76676
76678
76679
76680
76681
76682
76683
76684
76685
76686
76687
76688
76689
76690
76691
76692
76693
76694
76695
76696
76697
76698
76699
76700
76701
76734
76884
76885
76886
76888
76891
76894
76895
77101
77171
77467
77468
77528
77529
77530
77531
77589
78266
78267
78340
78348
78879
78882
78883
78884
78885
78886
78887
78888
78889
79010
79011
79101
79102
79249
79251
79253
79254
79255
79283
79284
79285
79286
79287
79288
79289
79290
79291
79292
79293
79294
79295
79296
79297
79298
79299
79300
79301
79302
79304
79305
79306
79307
79308
79309
79310
79311
79312
79313
79314
79323
79324
79326
79333
79334
79339
79342
79513
79514
79515
79538
79731
79740
79868
79869
80433
80581
80584
80585
80586
80587
80588
80590
80591
81055
81196
81197
81200
81204
81402
81403
81404
81405
81406
81409
81410
81411
81413
81414
81415
81956
81966
81967
81968
81969
81970
81971
81972
81973
81974
81975
81976
81977
81978
81979
81981
81982
81983
81984
81985
81986
81987
81988
81989
81990
81991
81992
81993
81994
81995
81996
81997
81998
82000
82001
82002
82003
82004
82005
82006
82007
82008
82009
82010
82011
82012
82013
82014
82015
82016
82017
82018
82019
82020
82021
82022
82023
82024
82025
82026
82027
82028
82029
82030
82031
82032
82033
82034
82035
82036
82037
82038
82039
82040
82042
82043
82044
82045
82046
82047
82048
82049
82050
82051
82052
82054
82055
82056
82057
82058
82059
82060
82061
82062
82063
82064
82065
82066
82067
82068
82069
82070
82071
82072
82073
82074
82075
82076
82077
82078
82079
82080
82081
82082
82083
82084
82085
82086
82088
82089
82090
82091
82093
82094
82095
82096
82097
82099
82100
82101
82102
82103
82104
82105
82106
82107
82109
82110
82111
82112
82113
82114
82115
82116
82117
82118
82119
82120
82121
82122
82123
82124
82125
82126
82127
82128
82129
82130
82131
82132
82133
82134
82135
82136
82137
82138
82139
82141
82143
82144
82145
82146
82147
82148
82149
82150
82151
82152
82153
82154
82155
82156
82157
82158
82159
82160
82161
82162
82164
82165
82166
82167
82168
82169
82170
82171
82172
82173
82174
82175
82176
82177
82178
82179
82180
82181
82183
82184
82185
82186
82187
82188
82189
82191
82192
82194
82195
82196
82197
82198
82199
82200
82201
82202
82203
82204
82206
82208
82209
82210
82211
82212
82213
82214
82215
82216
82217
82219
82220
82221
82222
82223
82224
82225
82226
82228
82229
82230
82231
82233
82234
82235
82236
82237
82239
82240
82241
82242
82243
82244
82245
82246
82247
82248
82249
82250
82251
82252
82253
82254
82255
82256
82257
82258
82259
82260
82261
82262
82263
82264
82265
82266
82267
82268
82269
82270
82271
82272
82274
82275
82276
82277
82278
82279
82280
82281
82282
82283
82284
82285
82286
82287
82288
82289
82290
82291
82292
82293
82294
82295
82392
82397
82398
82399
82400
82401
82402
82403
82404
82440
82441
82442
82443
82444
82445
82446
82447
82453
82470
82774
82775
82800
82903
82904
82905
82906
82907
82908
82909
82910
82933
82945
82960
82963
82964
82965
82966
82967
82969
82970
82971
82972
82973
82974
83006
83007
83064
83087
83088
83089
83090
83092
83107
83763
83764
83765
83793
83794
83795
83796
83798
83799
83800
83801
83802
83803
83804
83805
83806
84652
85220
85221
85447
85506
85559
85568
85569
85583
85584
85683
85691
85695
85696
85699
85700
85799
85800
85804
85853
86073
86074
86272
86279
86280
86281
86283
86284
86297
86379
86381
86382
86541
86592
86597
86599
86607
86841
86843
86849
87213
87216
87226
87228
87230
87232
87234
87236
87238
87240
87242
87244
87246
87248
87250
87251
87276
87277
87392
87393
87408
87409
87410
87411
87413
87417
87418
87419
87420
87421
87422
87423
87424
87425
87426
87427
87428
87429
87430
87431
87432
87433
87434
87435
87436
87437
87438
87439
87440
87441
87442
87443
87444
87445
87446
87447
87448
87449
87450
87451
87452
87453
87454
87455
87456
87457
87458
87459
87460
87461
87462
87463
87464
87465
87466
87467
87468
87469
87470
87471
87472
87473
87474
87475
87476
87477
87478
87484
87485
87486
87487
87488
87489
87490
87491
87492
87493
87494
87495
87496
87497
87498
87499
87500
87501
87502
87503
87504
87505
87506
87507
87508
87509
87510
87511
87512
87513
87514
87515
87516
87517
87518
87519
87520
87521
87522
87526
87559
87560
87565
87577
87578
87579
87580
87641
87647
87650
87695
87806
87872
87880
87881
87882
87883
87884
87885
87887
87888
87889
87890
87893
87894
87895
87897
87899
87900
87901
87902
88487
88531
89112
89367
89368
89587
89639
89674
89675
89676
89680
89737
89868
90046
90057
90146
90174
90407
90475
90478
90479
90496
90561
90570
90571
90572
90573
90574
90575
90576
90577
90578
90579
90580
90581
90582
90583
90584
90585
90586
90587
90588
90589
90590
90591
90715
90717
90718
90719
90720
90721
90722
90723
90724
90725
90788
90900
90902
91003
91040
92426
92741
92747
93195
93202
93228
93351
93429
93459
93461
93462
93467
93469
93472
93473
93474
93504
93506
93513
93517
93550
93551
93554
93556
93558
93566
93570
93579
93581
93584
93587
93592
93625
93705
93706
94029
94030
94031
94032
94033
94034
94035
94036
94037
94038
94039
94040
94041
94042
94043
94044
94045
94046
94047
94048
94049
94050
94051
94052
94053
94054
94056
94057
94058
94059
94060
94061
94062
94063
94064
94065
94066
94067
94070
94071
94072
94073
94074
94075
94076
94077
94078
94079
94080
94081
94082
94083
94084
94085
94086
94087
94088
94089
94090
94091
94093
94094
94095
94096
94097
94098
94099
94101
94102
94103
94111
94113
94190
94211
94212
94213
94214
94215
94216
94218
94261
94262
94288
94289
94573
94575
94576
94577
94578
94579
94580
94581
94582
94583
94584
94585
94586
94587
94588
94589
94590
94591
94592
94595
94903
94933
94934
95373
95408
95410
95411
95416
95536
97512
97546
97619
97620
97621
97622
97623
97624
97830
98602
98607
98608
98611
98612
98613
98615
98617
98619
98717
98756
98757
98763
98764
98765
98766
98767
98768
98769
98770
98771
98772
98773
98774
98776
98784
98785
98786
98787
98788
98789
98790
98791
98792
98793
98794
98795
98796
98797
98798
98799
98800
98801
98802
98803
98804
98805
98806
98807
98808
98809
98810
98814
98815
98816
98817
98818
98819
98820
98821
98822
98823
98824
98825
98826
98827
98828
98829
98830
98831
98832
98833
98834
98835
98836
98837
98838
98839
98840
98841
98842
98843
98844
98845
98846
98847
98848
98849
98850
98851
98852
98853
98854
98855
98856
98857
98858
98859
98860
98861
98862
98863
98864
98865
98866
98867
98868
98869
98870
98871
98872
98873
98874
98881
98882
98883
98884
98885
98886
98887
98888
98889
98890
98891
98892
98893
98894
98895
98896
98897
98898
98899
98900
98901
98902
98903
98904
98905
98906
98907
98908
98909
98913
98914
98920
98921
98922
98923
98924
98925
98926
98927
98928
98929
98930
100905
101570
101571
101630
101661
101662
102218
102348
102351
102483
102541
102542
102543
103786
103789
103795
103797
103977
104046
104048
104050
104051
104052
104099
104102
104103
104104
104105
104106
104107
104108
104109
104120
104122
104123
104124
104126
104127
104128
104129
104130
104131
104133
104134
104135
104136
104137
104138
104196
104209
104219
104222
104224
104225
104227
104232
104235
104241
104244
104270
104276
104279
104314
104316
104317
105718
105891
105898
106283
106284
106285
106299
106300
106306
106309
106311
106312
106314
106315
106318
106319
106321
106324
106325
106330
106336
106343
106347
106348
106349
106350
106351
106355
106392
106393
106395
106396
106397
106398
106399
106400
106401
106402
106403
106405
106406
106407
106408
106409
106410
106411
106412
106413
106415
106416
106417
106418
106419
106420
106421
106422
106423
106424
106425
106426
106427
106428
106429
106430
106431
106432
106433
106434
106435
106436
106437
106438
106439
106440
106441
106442
106443
106444
106445
106446
106447
106448
106449
106450
106451
106452
106453
106454
106455
106457
106458
106460
106461
106462
106463
106464
106465
106466
106467
106468
106469
106470
106471
106472
106473
106474
106475
106476
106477
106478
106479
106480
106481
106482
106483
106484
106485
106486
106487
106488
106489
106490
106491
106492
106493
106494
106495
106496
106497
106498
106499
106500
106501
106502
106503
106504
106505
106506
106507
106508
106509
106510
106511
106512
106513
106514
106515
106516
106517
106518
106519
106520
106521
106522
106524
106525
106526
106527
106528
106529
106530
106531
106532
106533
106534
106535
106536
106538
106539
106540
106541
106542
106543
106544
106545
106546
106547
106548
106549
106550
106551
106552
106553
106555
106556
106557
106558
106559
106560
106561
106562
106563
106564
106565
106566
106567
106568
106569
106570
106571
106572
106573
106574
106575
106576
106577
106578
106579
106580
106581
106582
106583
106584
106585
106586
106587
106588
106589
106590
106591
106592
106593
106594
106595
106597
106598
106599
106600
106601
106602
106603
106604
106605
106606
106607
106608
106609
106610
106611
106612
106613
106614
106615
106616
106617
106618
106619
106620
106621
106622
106623
106624
106625
106626
106627
106628
106629
106630
106631
106632
106633
106634
106635
106636
106637
106638
106639
106640
106641
106642
106643
106644
106645
106646
106647
106648
106649
106650
106651
106652
106653
106654
106655
106656
106657
106658
106659
106660
106661
106662
106663
106664
106665
106666
106667
106668
106669
106670
106671
106672
106673
106674
106675
106676
106677
106678
106679
106680
106681
106682
106683
106684
106685
106686
106687
106688
106689
106690
106691
106692
106693
106694
106695
106696
106697
106698
106699
106700
106701
106702
106703
106704
106705
106706
106707
106708
106709
106710
106711
106712
106713
106714
106715
106716
106717
106718
106719
106720
106721
106722
106723
106724
106725
106726
106727
106728
106729
106730
106731
106732
106733
106734
106735
106736
106737
106738
106739
106740
106741
106742
106743
106744
106745
106746
106747
106748
106749
106750
106751
106752
106825
106867
106868
106870
107218
107472
107476
107518
107603
107640
107658
108257
108294
108295
108296
108297
108298
108299
108300
108301
108302
108303
108304
108305
108306
108307
108308
108309
108318
108319
108320
108321
108322
108323
108324
108325
108326
108327
108328
108329
108330
108331
108332
108333
108334
108335
108336
108337
108338
108339
108340
108341
108342
108343
108344
108345
108346
108347
108348
108349
108350
108351
108352
108353
108354
108355
108356
108357
108358
108359
108360
108361
108362
108363
108364
108365
108391
108439
108649
108739
108745
108920
108977
108980
108996
109076
109118
109119
109120
109122
109123
109124
109125
109126
109127
109128
109129
109131
109132
109133
109134
109135
109136
109137
109138
109139
109140
109141
109142
109143
109144
109145
109147
109148
109152
109153
109155
109156
109160
109167
109168
109171
109172
109173
109174
109183
109184
109217
109218
109219
109220
109221
109222
109223
109226
109253
109574
109584
109585
109599
109624
109625
109626
109627
109628
109629
109693
109991
109992
110274
110289
110290
110291
110292
110293
110294
110609
110610
110611
110617
110618
110619
110620
110621
110624
110625
110626
110627
110628
110631
110632
110633
110634
110635
110638
110639
110640
110641
110642
110645
110646
110647
110648
110649
110652
110653
110654
110655
110656
110682
110800
110801
110802
110803
110805
110806
110807
110808
110809
110810
110812
110813
110814
110815
110816
110817
110818
110819
110821
110822
110824
110825
110826
110827
110828
110829
110830
110832
110833
110834
110835
110836
110837
110838
110839
110841
110842
110843
110844
110845
110846
110847
110848
110849
110850
110851
110852
110853
110854
110855
110856
110857
110858
110859
110860
110861
110862
110864
110866
110867
110868
110869
110871
110872
110873
110874
110875
110876
110877
110878
110879
111245
111366
111402
111431
111433
111434
111436
111437
111438
111439
111441
111442
111444
111445
111446
111447
111449
111450
111452
111453
111454
111455
111456
111457
111458
111475
111522
111526
111556
111557
111589
111595
111601
111603
111650
111651
111652
111656
111658
111659
111660
111662
111663
111664
111665
111666
111667
111668
111669
111670
111671
111672
111673
111674
111675
111676
111820
112057
112059
112090
112093
112115
112155
112156
112157
112158
112160
112164
112165
112177
112178
112179
112180
112181
112182
112183
112184
112185
112271
112272
112273
112274
112275
112276
112277
112278
112279
112280
112281
112282
112283
112284
112285
112286
112287
112288
112289
112290
112291
112292
112293
112294
112295
112296
112297
112298
112299
112300
112301
112302
112303
112304
112305
112306
112317
112318
112319
112320
112321
112377
112384
112449
112498
113108
113111
113131
113134
113135
113139
113140
113142
113144
113183
113261
113262
113263
113264
113270
113276
113277
113278
113289
113290
113355
113585
113588
113593
113602
113610
113632
113865
113882
113932
113959
113992
114001
114004
114012
114013
114015
114016
114017
114050
114055
114056
114230
114231
114232
114233
114234
114235
114236
114237
114809
114810
114811
114812
114813
114814
114815
114816
114817
114818
114819
114821
114828
114829
114831
114836
114837
114838
114931
114942
115012
115348
115349
115354
115355
115464
115470
115502
115504
115524
115525
115526
115527
115529
115794
115796
115798
115799
115800
115801
115803
115804
115805
115806
115807
115808
115809
115811
115812
115813
115814
115815
115987
115988
115989
115990
115991
115992
115993
115994
115995
116064
116119
116155
116164
116165
116166
116167
116168
116169
116170
116171
116172
116174
116175
116176
116177
116178
116179
116180
116181
116182
116183
116187
116188
116189
116190
116191
116192
116193
116194
116203
116204
116259
116260
116261
116266
116268
116271
116276
116403
116425
116426
116427
116428
116453
116454
116457
116458
116459
116460
116461
116462
116463
116464
116465
116466
116467
116468
116469
116470
116471
116472
116473
116474
116475
116476
116477
116478
116479
116480
116481
116482
116483
116484
116485
116486
116487
116488
116489
116490
116491
116492
116493
116494
116495
116496
116497
116498
116499
116501
116502
116503
116504
116505
116506
116507
116508
116509
116510
116511
116512
116513
116514
116515
116516
116517
116518
116519
116520
116521
116522
116523
116524
116525
116526
116527
116528
116529
116530
116531
116532
116533
116534
116535
116536
116537
116538
116539
116540
116541
116542
116543
116544
116545
116546
116547
116548
116549
116550
116551
116552
116553
116554
116555
116556
116557
116558
116559
116560
116561
116562
116563
116564
116565
116566
116567
116568
116569
116570
116571
116572
116573
116574
116575
116576
116577
116578
116579
116580
116581
116582
116583
116584
116585
116586
116587
116588
116589
116590
116591
116592
116593
116594
116595
116596
116597
116598
116599
116600
116601
116602
116603
116604
116605
116606
116607
116608
116609
116610
116611
116612
116613
116614
116615
116616
116617
116618
116619
116620
116621
116622
116623
116624
116625
116626
116627
116628
116629
116630
116631
116632
116633
116634
116635
116636
116637
116638
116639
116640
116641
116642
116643
116644
116646
116647
116649
116650
116652
116653
116654
116677
116678
116679
116680
116681
116683
116684
116685
116686
116687
116689
116690
116691
116692
116693
116694
116696
116697
116698
116699
116700
116701
116702
116703
116704
116705
116706
116708
116709
116710
116711
116712
116713
116714
116715
116716
116717
116718
116719
116720
116721
116722
116723
116724
116725
116794
116810
116811
116979
116981
117011
117017
117371
117381
117404
117415
117437
117439
117442
117528
117568
118006
118007
118008
118015
118060
118061
118062
118063
118064
118197
118225
118280
118331
118332
118333
118334
118335
118336
118337
118338
118339
118340
118341
118342
118343
118344
118345
118346
118347
118375
118376
118377
118378
118379
118391
118392
118414
118416
118427
118428
118472
118565
118573
118576
118592
118595
118601
118602
118603
118630
118631
118632
118675
118704
118711
118741
118781
118782
118783
118784
118785
118786
118787
118788
118789
118790
118791
118792
118793
118794
118795
118796
118797
118798
118799
118800
118801
118802
118803
118804
118805
118806
118807
118808
118809
118810
118811
118812
118813
118814
118815
118816
118817
118818
118819
118820
118821
118822
118823
118824
118825
118826
118827
118828
118829
118830
118831
118832
118833
118834
118835
118836
118837
118838
118839
118840
118841
118842
118843
118844
118845
118846
118847
118848
118849
118850
118851
118852
118853
118854
118855
118856
118857
118858
118859
118860
118861
118862
118863
118864
118865
118866
118867
118868
118869
118870
118871
118872
118873
118874
118875
118876
118877
118878
118879
118880
118881
118882
118883
118884
118885
118886
118887
118888
118889
118890
118891
118892
118893
118894
118895
118896
118898
118899
118902
118919
118921
118923
119094
119096
119097
119098
119099
119101
119331
119332
119333
119334
119335
119336
119337
119338
119339
119340
119341
119342
119343
119344
119345
119346
119347
119822
119823
120077
120150
120166
120257
120259
120261
120263
120264
120293
120300
120330
120945
120950
120953
122190
122343
122344
122345
122346
122347
122348
122537
122538
122539
122540
122541
122542
122543
122544
122545
122601
122602
122603
122604
122742
